72.7935
72.9473
73.3222
73.4294
73.4533
73.5476
73.8708
73.9077
73.9316
73.9764
74.0049
74.0212
74.0309
74.0379
74.0671
74.0971
74.156
74.205
74.3449
74.3584
74.3755
74.4106
74.4389
74.4486
74.4504
74.5381
74.5533
74.6319
74.6573
74.6935
74.7044
74.7212
74.7587
74.8006
74.8398
74.8724
74.8785
74.882
74.909
74.9094
74.9166
74.928
74.9561
74.9596
75.0019
75.0102
75.0157
75.0332
75.0689
75.0729
75.0888
75.1223
75.1376
75.1421
75.147
75.1586
75.1863
75.1935
75.228
75.2342
75.2445
75.2508
75.2517
75.2703
75.2927
75.3184
75.3232
75.334
75.3555
75.3681
75.3685
75.3761
75.3767
75.3941
75.3951
75.4159
75.4199
75.4313
75.4356
75.4369
75.437
75.4494
75.4692
75.4904
75.4941
75.502
75.5293
75.5356
75.5357
75.5458
75.5565
75.5838
75.5911
75.6281
75.6344
75.653
75.6678
75.6875
75.6915
75.6945
75.7028
75.7265
75.7325
75.735
75.7396
75.7506
75.7539
75.7627
75.7779
75.782
75.7822
75.7868
75.7932
75.8018
75.8137
75.8157
75.8221
75.8228
75.8413
75.8594
75.861
75.8659
75.8676
75.8726
75.8746
75.8858
75.906
75.9107
75.9132
75.9133
75.9328
75.9378
75.9445
75.9609
75.9615
75.9627
75.9835
76.0085
76.0154
76.0253
76.0267
76.0304
76.035
76.0352
76.0415
76.0431
76.0502
76.0547
76.0642
76.0852
76.0905
76.0917
76.0959
76.1017
76.1067
76.1336
76.1612
76.1711
76.1756
76.18
76.1855
76.1906
76.191
76.1938
76.1964
76.2295
76.2403
76.2468
76.2469
76.2469
76.2542
76.2543
76.2603
76.261
76.2691
76.2693
76.2832
76.2959
76.298
76.3046
76.3326
76.348
76.3536
76.3695
76.3796
76.3849
76.3862
76.3914
76.401
76.4037
76.4085
76.4166
76.4533
76.4669
76.4738
76.4782
76.4871
76.4883
76.5138
76.5247
76.5274
76.5283
76.5472
76.5741
76.5766
76.5792
76.5813
76.5827
76.6069
76.6115
76.6117
76.6171
76.6205
76.6329
76.6344
76.6446
76.6486
76.6829
76.6948
76.7263
76.7332
76.7644
76.7681
76.7687
76.7689
76.7697
76.7763
76.7822
76.7983
76.8036
76.8136
76.8167
76.8193
76.8291
76.8396
76.8493
76.8548
76.8618
76.8911
76.9137
76.9257
76.938
76.9496
76.9515
76.959
76.9634
76.9685
76.9761
76.9933
77.0037
77.0077
77.0369
77.0401
77.041
77.0421
77.0655
77.081
77.1087
77.1183
77.1389
77.1465
77.152
77.1614
77.1616
77.2044
77.2082
77.2182
77.2213
77.2418
77.2464
77.2518
77.2623
77.2751
77.2766
77.2935
77.3152
77.3226
77.3244
77.3252
77.328
77.3291
77.3385
77.3385
77.3445
77.3556
77.3562
77.3584
77.3823
77.3896
77.39
77.3908
77.3916
77.404
77.4077
77.4181
77.4239
77.4321
77.4411
77.4681
77.4939
77.499
77.509
77.5263
77.5407
77.5466
77.5509
77.5512
77.5559
77.5694
77.5717
77.5774
77.5896
77.6124
77.6186
77.6227
77.6289
77.6426
77.6553
77.68
77.7066
77.7071
77.7184
77.7188
77.7352
77.7493
77.7508
77.7509
77.7559
77.7704
77.7781
77.7803
77.7956
77.7972
77.8318
77.8339
77.8658
77.8688
77.877
77.9174
77.927
77.9357
77.9423
77.9437
77.9635
77.9751
77.9807
77.9855
78.0336
78.0745
78.0894
78.0904
78.0954
78.1006
78.1124
78.1487
78.1551
78.1585
78.1667
78.1948
78.1956
78.2119
78.2195
78.2349
78.2409
78.241
78.2434
78.2443
78.2695
78.2731
78.276
78.2771
78.2826
78.2867
78.2928
78.3301
78.3404
78.3963
78.4053
78.4146
78.423
78.4257
78.4429
78.4489
78.4541
78.4547
78.4568
78.461
78.4864
78.5161
78.5673
78.572
78.5739
78.5867
78.5934
78.5944
78.6264
78.6445
78.659
78.6633
78.6671
78.6754
78.6808
78.6869
78.6881
78.6948
78.6981
78.7182
78.731
78.7474
78.7739
78.7836
78.7935
78.7952
78.7962
78.8274
78.8306
78.8358
78.8755
78.8757
78.8927
78.8937
78.929
78.9507
78.9532
78.9975
79.0004
79.001
79.0163
79.0462
79.0885
79.0927
79.1027
79.1147
79.1159
79.1224
79.1237
79.1405
79.1487
79.1626
79.1664
79.1665
79.1729
79.1863
79.1915
79.2046
79.2088
79.2342
79.2395
79.2541
79.2652
79.2759
79.3093
79.3453
79.3686
79.4147
79.4166
79.4348
79.437
79.4516
79.4561
79.4606
79.4638
79.479
79.4913
79.5121
79.5213
79.541
79.5976
79.5976
79.6015
79.6051
79.6298
79.6585
79.6711
79.6962
79.7004
79.7175
79.7217
79.7261
79.8571
79.8697
79.8754
79.8895
79.8931
79.9015
79.908
79.9221
79.9321
79.943
79.9537
79.9879
80.0286
80.0941
80.0967
80.111
80.1133
80.1439
80.1532
80.172
80.1763
80.2028
80.2031
80.2314
80.2363
80.2549
80.2554
80.2643
80.2791
80.3118
80.325
80.3876
80.4299
80.484
80.4871
80.496
80.5041
80.5651
80.5799
80.5957
80.6198
80.6389
80.6548
80.6977
80.7149
80.746
80.7481
80.7515
80.7625
80.7932
80.8511
80.871
80.9401
80.9497
80.9555
81.0096
81.0801
81.1483
81.1539
81.1842
81.2823
81.2969
81.3483
81.3518
81.3799
81.443
81.457
81.4638
81.5203
81.5501
81.5612
81.5694
81.5838
81.7678
81.8012
81.8141
81.8298
81.8634
81.8741
81.8915
81.9224
81.9314
81.9949
82.063
82.0943
82.0962
82.1505
82.2121
82.2544
82.287
82.329
82.3763
82.3819
82.3978
82.398
82.4
82.4745
82.5169
82.5847
82.5946
82.6186
82.6309
82.7204
82.7483
82.7617
82.7738
82.8032
82.8273
82.8383
82.8783
82.8876
82.8903
82.9261
82.9722
82.9933
83.0222
83.286
83.2942
83.2957
83.3452
83.3484
83.3954
83.398
83.418
83.4628
83.4769
83.5305
83.5887
83.5996
83.7692
83.8039
83.9059
83.9398
83.9412
83.9435
84.036
84.0823
84.11
84.2598
84.3083
84.3835
84.4026
84.5337
84.5377
84.5499
84.6238
84.8051
84.8366
84.8438
84.9023
85.0526
85.0623
85.1424
85.176
85.1761
85.2348
85.2902
85.2918
85.4142
85.4525
85.5544
85.628
85.7356
85.7449
85.8168
85.8294
85.8538
86.0765
86.2348
86.3482
86.3827
86.4
86.6155
86.6527
86.6638
86.7455
86.9467
86.9614
87.011
87.0593
87.1411
87.2328
87.2903
87.2908
87.4585
87.4765
87.8479
88.1078
88.2264
88.5147
88.7545
88.9009
89.1406
89.4768
89.6663
90.1424
90.1476
90.1771
90.5714
90.6905
90.7319
90.7333
90.9986
91.3903
91.5303
92.1816
92.2408
93.0668
93.1535
93.7478
94.4677
94.5893
94.9293
95.0592
95.2037
96.2315
96.4412
96.8569
96.9038
97.5426
97.9654
98.3828
98.4181
98.9198
99.0724
99.3557
99.6402
99.8956
