85.4027
86.1885
86.4128
86.4785
86.9156
86.9821
87.1183
87.1896
87.2112
87.4168
87.4642
87.5047
87.5329
87.7172
88.0168
88.0238
88.087
88.141
88.1656
88.2394
88.2446
88.3092
88.3474
88.3994
88.5077
88.7535
88.7633
88.7951
88.8331
88.8458
88.9169
88.9836
89.0186
89.0915
89.2314
89.4047
89.4063
89.4084
89.4273
89.5327
89.6108
89.6848
89.7497
89.8211
89.8237
89.9524
89.9954
90.1766
90.2174
90.2229
90.2353
90.3428
90.3662
90.4489
90.4917
90.6354
90.6365
90.7498
90.7756
90.7883
90.8643
90.9313
90.9872
90.9882
91.0075
91.054
91.0815
91.09
91.1239
91.1547
91.3347
91.5683
91.6293
91.6376
91.7962
91.9292
91.985
92.0196
92.0647
92.2017
92.2397
92.243
92.3215
92.4742
92.7043
93.104
93.2034
93.2608
93.2934
93.3253
93.443
93.5661
93.7088
93.7352
93.8985
94.0297
94.3831
94.8833
95.2913
95.3051
95.4211
95.677
95.7451
96.2419
96.7413
96.9262
96.9909
97.3352
97.3557
97.4671
98.5259
98.573
98.8081
99.2901
99.3143
99.9477
100.163
100.803
101.558
102.63
103.01
103.313
