73.3741
74.3645
74.4769
74.699
74.8389
74.8555
74.8798
75.0031
75.0353
75.1056
75.1116
75.1128
75.144
75.15
75.1523
75.16
75.1684
75.1768
75.1875
75.2019
75.2533
75.2541
75.3413
75.3715
75.4135
75.4149
75.415
75.4306
75.4986
75.563
75.6335
75.6918
75.6929
75.7001
75.7368
75.7679
75.8015
75.8039
75.8259
75.8325
75.8487
75.8533
75.8577
75.869
75.8761
75.8849
75.8853
75.889
75.9001
75.9017
75.9397
75.955
75.9727
76.0043
76.0234
76.0577
76.0666
76.0808
76.0925
76.1029
76.1427
76.1533
76.1621
76.1627
76.186
76.1918
76.2017
76.2188
76.2216
76.239
76.239
76.2476
76.2482
76.2654
76.2666
76.2682
76.2745
76.279
76.2867
76.2877
76.3137
76.3299
76.3344
76.3388
76.3468
76.3544
76.3636
76.3695
76.3736
76.3737
76.376
76.3842
76.4215
76.4264
76.4391
76.4498
76.46
76.4702
76.484
76.4881
76.4934
76.4946
76.5013
76.5349
76.5442
76.5453
76.5532
76.5588
76.5635
76.5695
76.5704
76.5797
76.5827
76.6196
76.6339
76.6432
76.6591
76.6741
76.6844
76.6953
76.7042
76.7062
76.7075
76.7127
76.7129
76.7219
76.735
76.7363
76.7506
76.7642
76.766
76.7758
76.7784
76.7832
76.7932
76.7956
76.8027
76.8029
76.8078
76.8196
76.8209
76.849
76.8592
76.8593
76.8627
76.8627
76.8646
76.868
76.8826
76.8882
76.9
76.9317
76.9366
76.9423
76.9548
76.9592
76.9643
76.999
77.0055
77.0127
77.0152
77.0164
77.0337
77.0478
77.0605
77.0659
77.0695
77.0796
77.0821
77.1006
77.11
77.1105
77.1177
77.1262
77.127
77.1322
77.1338
77.1491
77.155
77.1672
77.1697
77.1874
77.1879
77.1897
77.2189
77.2213
77.2236
77.2282
77.2373
77.2435
77.2613
77.2631
77.2711
77.2765
77.2772
77.3004
77.3115
77.3155
77.3211
77.324
77.3317
77.3382
77.3411
77.3546
77.3562
77.3564
77.3604
77.3685
77.3791
77.3846
77.3951
77.3984
77.4013
77.4013
77.4022
77.4077
77.4095
77.4385
77.442
77.447
77.45
77.4521
77.4919
77.5044
77.5048
77.5155
77.5186
77.5257
77.5308
77.531
77.5431
77.5621
77.5786
77.5797
77.5946
77.5974
77.5977
77.5984
77.6022
77.615
77.6169
77.619
77.6244
77.628
77.6298
77.6323
77.6502
77.6612
77.663
77.6652
77.6931
77.6962
77.7023
77.7091
77.7123
77.7278
77.733
77.7337
77.7454
77.7496
77.7778
77.7965
77.8187
77.8212
77.8352
77.8427
77.8429
77.8447
77.8637
77.8676
77.8733
77.8808
77.8916
77.9009
77.9047
77.9056
77.9146
77.92
77.9438
77.9457
77.9504
77.9558
77.9571
77.959
77.9675
77.9677
77.9785
78.0098
78.0195
78.0283
78.0309
78.032
78.0459
78.057
78.0584
78.0593
78.0641
78.0649
78.0832
78.0862
78.0888
78.0954
78.1127
78.1207
78.1235
78.1332
78.1416
78.142
78.1535
78.1609
78.1665
78.177
78.1782
78.1783
78.1948
78.2055
78.2114
78.2192
78.2194
78.223
78.2293
78.2388
78.2506
78.2531
78.2551
78.256
78.2709
78.2808
78.2835
78.2959
78.3186
78.3431
78.346
78.3494
78.3539
78.3555
78.374
78.3871
78.3874
78.389
78.4077
78.4089
78.4122
78.4214
78.4215
78.4312
78.4344
78.4368
78.4497
78.4615
78.4689
78.4812
78.4873
78.5008
78.5043
78.5081
78.5172
78.5218
78.5266
78.5274
78.5335
78.5355
78.5435
78.5656
78.5657
78.5677
78.57
78.5785
78.5841
78.5927
78.6162
78.623
78.6274
78.6433
78.6463
78.6787
78.6787
78.6816
78.6841
78.7001
78.7006
78.7065
78.7099
78.7198
78.7379
78.7428
78.7429
78.7457
78.7469
78.7483
78.7661
78.7735
78.7811
78.7817
78.7929
78.8128
78.8322
78.8467
78.8653
78.8774
78.8841
78.886
78.8938
78.8939
78.9208
78.9235
78.9235
78.9308
78.9347
78.9412
78.9532
78.9537
78.9604
78.9681
78.9796
78.9984
78.9994
79.0086
79.0207
79.0213
79.0373
79.0501
79.0503
79.0524
79.0556
79.0652
79.0823
79.0929
79.0931
79.0982
79.1112
79.1129
79.116
79.1302
79.1316
79.1403
79.1494
79.1505
79.1542
79.1573
79.1577
79.1693
79.1724
79.176
79.182
79.1825
79.2034
79.2035
79.2058
79.2141
79.2162
79.2229
79.2283
79.2328
79.2346
79.2425
79.2644
79.266
79.2754
79.2843
79.2846
79.2933
79.3019
79.3038
79.306
79.319
79.3386
79.3431
79.3685
79.3796
79.393
79.428
79.4473
79.4475
79.4576
79.4608
79.4651
79.4676
79.4837
79.4901
79.4926
79.5058
79.5333
79.544
79.5479
79.5584
79.5773
79.5816
79.5837
79.5854
79.5979
79.6045
79.6055
79.6335
79.6418
79.6729
79.6806
79.6839
79.6928
79.7002
79.7054
79.7168
79.7276
79.7352
79.7427
79.7488
79.763
79.788
79.7914
79.805
79.8435
79.8494
79.8595
79.8661
79.8718
79.8748
79.8763
79.8985
79.8997
79.9008
79.9577
79.999
80.0252
80.0259
80.0365
80.0422
80.0547
80.0649
80.0689
80.0934
80.146
80.15
80.1709
80.1773
80.2106
80.2259
80.2347
80.2436
80.255
80.2643
80.2935
80.2942
80.3071
80.3836
80.3997
80.4049
80.4258
80.4444
80.4504
80.4521
80.4826
80.4882
80.4995
80.5163
80.542
80.5846
80.6082
80.6129
80.6245
80.6259
80.6414
80.643
80.6491
80.6944
80.7112
80.714
80.7227
80.7311
80.7595
80.7819
80.7941
80.8249
80.8697
80.8701
80.8716
80.9027
80.9052
80.91
80.9662
80.9738
80.9993
81.0416
81.0449
81.058
81.0764
81.0923
81.1038
81.1048
81.1062
81.1747
81.191
81.2282
81.2456
81.2724
81.2843
81.3157
81.3494
81.3509
81.3976
81.4716
81.4836
81.4978
81.5026
81.5302
81.5673
81.5845
81.6502
81.6989
81.7152
81.7223
81.7228
81.7852
81.79
81.8123
81.8357
81.8419
81.8723
81.8987
81.9119
81.9316
81.9743
82.0069
82.0497
82.0515
82.0739
82.1505
82.1606
82.1991
82.2334
82.2764
82.2799
82.2964
82.298
82.3149
82.3635
82.4051
82.4525
82.4581
82.4662
82.502
82.5151
82.5272
82.54
82.5431
82.59
82.6051
82.6105
82.6269
82.6455
82.6891
82.7413
82.7695
82.805
82.9019
82.932
82.9525
82.9723
82.9784
83.0079
83.0199
83.0993
83.1163
83.1189
83.1247
83.1534
83.1534
83.1557
83.1783
83.2669
83.2828
83.3676
83.3723
83.3769
83.3986
83.4026
83.4049
83.4306
83.5015
83.5037
83.5125
83.5144
83.52
83.5405
83.5795
83.6124
83.6264
83.6648
83.6671
83.682
83.7195
83.7207
83.7242
83.7402
83.7803
83.8232
83.8499
83.8633
84.0023
84.0259
84.1355
84.1639
84.1755
84.2417
84.2453
84.2642
84.3985
84.4322
84.4515
84.4692
84.4737
84.489
84.5223
84.5477
84.548
84.6093
84.6332
84.6432
84.7419
84.7506
84.8817
84.9021
84.9277
85.0344
85.0954
85.1045
85.1105
85.1585
85.2315
85.293
85.3768
85.7244
85.7266
85.7828
85.7916
85.8151
85.8754
85.9166
86.0294
86.0514
86.1044
86.1914
86.2166
86.2934
86.3785
86.401
86.426
86.527
86.5503
86.5736
86.597
86.7481
86.8993
86.9052
86.9257
86.9706
87.0776
87.2333
87.2386
87.2748
87.3712
87.3797
87.4106
87.5366
87.5905
87.6734
87.7198
87.7505
88.0223
88.3028
88.3518
88.3737
88.5855
88.5879
88.7463
88.7508
88.9362
88.9766
89.0344
89.2362
89.2816
89.3073
89.3526
89.6855
89.7977
89.8139
89.8156
89.906
89.9759
90.1503
90.2432
90.279
90.547
90.7522
90.8607
91.4643
91.4803
91.4863
91.5677
91.6978
91.7301
91.8917
92.0249
92.5321
92.6274
92.9174
93.4358
93.6542
93.8131
93.9014
94.0959
94.1085
94.4173
94.5018
94.6463
94.6469
94.8836
95.2633
96.378
97.1362
97.3311
98.1957
99.4176
99.9494
100.261
100.319
101.179
101.442
103.348
