77.2419
77.5441
77.7555
78.2644
78.4939
78.9319
79.025
79.1845
79.3053
79.3118
79.5474
79.6126
79.6317
79.674
79.7124
79.7281
79.7336
79.7347
79.7822
79.8694
79.9237
79.9944
80.0447
80.0755
80.0894
80.129
80.2246
80.2782
80.3176
80.3499
80.3874
80.4057
80.4312
80.689
80.7319
80.8472
80.903
80.9222
80.9271
80.9457
81.3125
81.3582
81.4
81.4488
81.5334
81.5553
81.5948
81.6931
81.7756
81.8769
81.8908
81.9017
81.9264
81.9355
82.0952
82.1521
82.2149
82.4092
82.4774
82.5366
82.5628
82.5692
82.7577
82.8504
82.8968
82.9359
82.9891
83.1842
83.3432
83.3745
83.621
83.806
83.8429
83.9082
84.0828
84.4158
84.651
84.7195
84.7943
84.802
84.8145
85.1706
85.1835
85.4601
85.53
85.6476
85.7342
85.9253
85.927
86.1984
86.7511
86.9056
87.5483
87.6894
87.7367
87.9434
88.348
88.6924
89.0648
89.6172
89.9735
91.6483
92.2357
92.3967
93.0253
96.1703
96.3708
97.9661
98.6391
100.674
103.297
104.839
