74.8065
75.0668
75.2822
75.3304
75.3445
75.3987
75.4357
75.4982
75.5176
75.6223
75.6788
75.7061
75.969
76.1975
76.2535
76.3281
76.4756
76.5099
76.5783
76.731
76.9653
76.968
77.0035
77.1226
77.2294
77.3369
77.4039
77.8132
77.9032
77.9268
77.9551
78.0893
78.1607
78.2335
78.4602
78.546
78.8708
78.9176
78.9944
79.039
79.0701
79.1782
79.3994
79.4183
79.4465
79.4557
79.4602
79.6384
79.7291
79.9475
80.0952
80.1292
80.4167
80.5151
80.6132
80.8266
80.8591
81.2211
81.5568
81.7801
82.0568
82.175
82.3566
82.4266
82.6456
82.7342
83.3016
83.4357
83.7832
83.7955
84.4131
84.9142
85.9534
86.1961
87.8565
88.5193
89.0378
89.1908
93.7768
95.7459
98.1949
102.762
