66.1918
66.523
66.5936
67.1291
67.1413
67.1731
67.3034
67.3862
67.4332
67.5576
67.5987
67.6127
67.636
67.6912
67.6989
67.7456
67.7479
67.8084
67.8861
67.8921
67.9082
67.9548
68.0632
68.0736
68.0883
68.1484
68.151
68.1724
68.2162
68.2688
68.2994
68.3552
68.3897
68.4359
68.438
68.4435
68.5153
68.5315
68.5332
68.5809
68.602
68.6093
68.6167
68.6331
68.6366
68.6646
68.6661
68.6768
68.7071
68.7268
68.7975
68.8024
68.8624
68.8826
68.9255
68.9852
68.9876
68.9906
69.0161
69.0259
69.0282
69.0483
69.0655
69.1115
69.1212
69.132
69.1362
69.1706
69.1765
69.2117
69.2449
69.2854
69.3177
69.323
69.3806
69.4016
69.4249
69.4315
69.4426
69.4622
69.4696
69.4842
69.4917
69.5021
69.516
69.5205
69.5261
69.5299
69.537
69.5474
69.5475
69.5654
69.5673
69.5695
69.5915
69.6328
69.6568
69.6719
69.6733
69.6777
69.6899
69.7143
69.7459
69.7574
69.7649
69.7655
69.7683
69.7769
69.8312
69.8499
69.8795
69.8977
69.9075
69.9115
69.9168
69.919
69.919
69.9212
69.9243
69.9328
69.9355
69.9567
69.9586
69.9823
69.9936
70.0022
70.0063
70.0082
70.0168
70.0198
70.0556
70.069
70.117
70.1229
70.1308
70.1455
70.1761
70.1812
70.204
70.2129
70.2205
70.225
70.2698
70.2929
70.2949
70.2963
70.3131
70.3263
70.3556
70.3812
70.388
70.3999
70.4071
70.4314
70.4397
70.4468
70.4565
70.4584
70.4701
70.4947
70.4958
70.5194
70.5216
70.5882
70.6202
70.6277
70.6339
70.6682
70.7139
70.7223
70.7229
70.7323
70.7328
70.7508
70.7524
70.7747
70.7984
70.8049
70.8641
70.8686
70.8914
70.9135
70.9137
70.9179
70.9256
70.926
70.9397
70.9759
71.0179
71.0492
71.063
71.0724
71.0815
71.0855
71.0865
71.091
71.1279
71.152
71.1633
71.1818
71.1891
71.197
71.1997
71.2034
71.2068
71.2534
71.2551
71.2632
71.264
71.273
71.2761
71.2808
71.2849
71.2916
71.3187
71.319
71.3241
71.3355
71.3633
71.3918
71.4205
71.433
71.4332
71.4435
71.4471
71.4488
71.4579
71.4626
71.4696
71.4771
71.4888
71.5394
71.5702
71.5766
71.6017
71.6024
71.6078
71.6115
71.6179
71.6442
71.6776
71.7036
71.711
71.7218
71.7224
71.7549
71.7739
71.8105
71.8154
71.8671
71.8798
71.8921
71.9059
71.9296
71.95
71.9541
71.9602
71.9932
72.0239
72.0383
72.0452
72.0478
72.0797
72.0822
72.0961
72.1071
72.1122
72.1613
72.1732
72.1928
72.2199
72.223
72.2532
72.265
72.2691
72.2815
72.2881
72.2931
72.3112
72.3138
72.3667
72.418
72.4456
72.4661
72.552
72.5685
72.5781
72.6146
72.6264
72.6269
72.6287
72.6306
72.6561
72.6892
72.7086
72.7312
72.7701
72.7711
72.7715
72.7767
72.8034
72.8075
72.8295
72.849
72.8514
72.9269
72.9314
72.9609
72.963
73.0046
73.0158
73.0437
73.0526
73.084
73.1122
73.1199
73.1202
73.1315
73.1355
73.163
73.1631
73.1869
73.2365
73.2502
73.2595
73.2739
73.288
73.3074
73.3117
73.3326
73.4241
73.5368
73.571
73.6157
73.6314
73.6382
73.6434
73.6578
73.6631
73.6738
73.7583
73.7591
73.8064
73.827
73.8348
73.8534
73.9268
73.9281
73.9767
73.9776
74.0147
74.0239
74.0813
74.0978
74.1106
74.126
74.1823
74.1917
74.1919
74.2046
74.2108
74.215
74.2182
74.3884
74.3947
74.4139
74.4365
74.4751
74.49
74.5309
74.6192
74.6272
74.6439
74.6971
74.7626
74.7874
74.8163
74.8493
74.9236
74.9263
74.9636
74.9733
75.0041
75.023
75.057
75.1048
75.1149
75.1966
75.2573
75.3434
75.3798
75.4154
75.4288
75.4793
75.5176
75.6298
75.835
75.836
75.8561
75.8934
76.0147
76.1506
76.1798
76.2116
76.2742
76.338
76.3907
76.4105
76.4538
76.5014
76.6419
76.7734
76.8202
77.1131
77.1345
77.185
77.2853
77.287
77.6045
77.6095
77.6259
77.636
77.6629
77.7313
77.7427
77.7634
77.9009
78.0056
78.1878
78.2824
78.3057
78.4087
78.7309
78.7692
79.0054
79.0327
79.0579
79.2443
79.3556
79.4037
79.4985
79.6511
80.0059
80.0477
80.2729
80.4956
80.6807
80.8614
81.0055
81.3315
81.3377
81.4077
81.5804
81.7016
82.0528
82.1481
82.368
82.4733
82.6565
82.7721
82.95
83.218
83.3382
84.0489
84.4201
84.6675
84.7354
84.8224
84.8799
85.1766
85.3796
85.5947
85.8014
86.0378
86.0521
86.3198
86.5772
86.6241
86.958
87.0141
87.1372
87.9655
89.5684
90.3508
90.5499
92.3641
92.6077
93.6258
93.6659
94.9257
95.6845
