87.7592
88.0362
88.3208
88.3283
88.3928
88.5118
88.5189
88.5429
88.6064
88.674
88.7038
88.8334
88.8658
88.997
89.0115
89.1006
89.1052
89.1256
89.2915
89.4047
89.4388
89.5417
89.5756
89.6453
89.7307
89.7427
89.7459
89.7602
89.7794
89.8332
89.845
89.8713
89.9163
89.9551
89.9796
89.9813
89.9919
90.0095
90.0674
90.0694
90.0803
90.0848
90.1898
90.1978
90.286
90.3095
90.3609
90.3731
90.3759
90.3883
90.5152
90.6193
90.635
90.6362
90.6365
90.6465
90.6537
90.7382
90.7576
90.775
90.7873
90.7932
90.7945
90.7958
90.8019
90.8176
90.8525
90.8877
90.8971
90.9315
90.9829
91.0281
91.0663
91.0763
91.1004
91.1369
91.1892
91.2011
91.2534
91.3121
91.3368
91.3779
91.3794
91.3826
91.3878
91.4142
91.4178
91.4232
91.4429
91.4459
91.4624
91.515
91.5151
91.5184
91.5558
91.5865
91.5965
91.6163
91.6167
91.6643
91.6961
91.7164
91.7188
91.7221
91.7443
91.7641
91.7794
91.8199
91.8305
91.8325
91.8468
91.8917
91.8958
91.9199
91.9345
91.9431
91.9667
92.0184
92.0518
92.0945
92.0972
92.1137
92.1647
92.2196
92.3212
92.4368
92.4487
92.4835
92.5048
92.5062
92.5156
92.575
92.617
92.6362
92.64
92.6444
92.6481
92.7369
92.7461
92.757
92.7701
92.7881
92.8148
92.8334
92.839
92.8574
92.9023
92.9068
92.9084
92.9591
93.1198
93.1624
93.2078
93.2171
93.2351
93.2429
93.2632
93.2988
93.3078
93.3773
93.5028
93.5041
93.5478
93.6037
93.6279
93.6318
93.6972
93.7573
93.7766
93.8057
93.8125
93.9171
93.9658
94.1326
94.2115
94.3078
94.3152
94.3943
94.439
94.5287
94.6528
94.7153
94.7417
94.7565
94.7697
94.95
95.0517
95.0607
95.0607
95.1842
95.2578
95.3169
95.4161
95.4803
95.5393
95.6002
95.6194
95.6751
95.8483
95.8628
95.8819
95.9371
95.9706
95.979
96.0436
96.1114
96.1508
96.1979
96.3705
96.618
96.7739
96.7813
96.9676
97.0637
97.0965
97.1059
97.1212
97.1829
97.2727
97.282
97.5359
97.7171
98.3607
98.5667
98.7258
99.2645
99.8736
100.027
100.199
100.254
100.716
101.415
101.845
102.494
102.672
102.884
103.506
104.032
105.483
106.7
109.292
110.35
110.353
113.864
117.5
