75.888
75.9258
76.0943
76.1016
76.1469
76.2976
76.3034
76.3918
76.428
76.4807
76.488
76.5013
76.5882
76.6194
76.6248
76.6547
76.6786
76.7111
76.8001
76.8178
76.8456
76.849
76.8808
76.8997
76.913
76.9195
77.052
77.0943
77.1117
77.1783
77.2156
77.2254
77.245
77.2879
77.2913
77.3073
77.3931
77.4154
77.4196
77.5149
77.5225
77.542
77.5902
77.6086
77.6351
77.6685
77.6787
77.6985
77.7028
77.7139
77.771
77.7857
77.7929
77.7977
77.829
77.858
77.8608
77.872
77.914
77.9281
77.9544
77.9697
77.9874
77.9962
78.0079
78.0085
78.0261
78.0377
78.0938
78.1028
78.1113
78.1278
78.1632
78.1637
78.1665
78.2043
78.2356
78.2821
78.3021
78.3381
78.376
78.3864
78.42
78.429
78.4367
78.445
78.4624
78.4674
78.5049
78.5059
78.5517
78.5581
78.5646
78.5683
78.5846
78.586
78.6525
78.6903
78.7341
78.7712
78.8083
78.8185
78.8359
78.8425
78.864
78.9444
78.9476
78.9532
78.9604
78.9757
78.9875
78.9915
79.0058
79.0099
79.0195
79.0322
79.0374
79.0405
79.0423
79.067
79.0721
79.0846
79.1023
79.1214
79.1289
79.1612
79.1679
79.1697
79.1963
79.2384
79.2573
79.2666
79.273
79.3146
79.3182
79.3355
79.3439
79.3567
79.3736
79.4002
79.409
79.4512
79.4534
79.459
79.4764
79.5254
79.5279
79.5481
79.5526
79.5771
79.5823
79.5856
79.6019
79.6076
79.6553
79.6673
79.7382
79.7576
79.7663
79.8084
79.8151
79.8154
79.8379
79.8444
79.8448
79.8484
79.8594
79.873
79.9062
79.9569
79.9734
80.0145
80.0584
80.0588
80.071
80.1322
80.1343
80.1353
80.1467
80.1519
80.1689
80.1708
80.1757
80.2064
80.2176
80.2363
80.2449
80.2673
80.2703
80.2823
80.3199
80.333
80.3343
80.3549
80.3702
80.4099
80.4205
80.423
80.4337
80.4605
80.5149
80.6023
80.618
80.6229
80.6233
80.635
80.6834
80.694
80.7617
80.7712
80.7857
80.8016
80.8438
80.8451
80.8497
80.8895
80.907
80.9096
80.9106
80.9754
80.9908
81.0643
81.0644
81.1385
81.1594
81.1752
81.1972
81.1996
81.2117
81.2501
81.2766
81.2962
81.4247
81.4824
81.4894
81.4957
81.5046
81.6445
81.6552
81.6552
81.808
81.8369
81.8388
81.8611
81.8981
81.9393
81.9752
82.0281
82.0394
82.1204
82.1427
82.2261
82.3144
82.3261
82.3319
82.4274
82.4456
82.478
82.5388
82.5433
82.6396
82.7932
82.9088
83.0681
83.0938
83.156
83.156
83.2942
83.2943
83.4255
83.4459
83.5003
83.5561
83.5565
83.5962
83.5979
83.6904
83.7012
83.7536
83.7694
83.7957
83.8007
83.808
83.8159
83.8251
83.923
84.0947
84.1042
84.1192
84.1616
84.1734
84.1974
84.4752
84.4858
84.5066
84.5179
84.571
84.5929
84.712
84.8044
84.815
84.8346
84.8439
84.8864
84.8899
84.9109
84.9118
84.9411
85.0065
85.1829
85.2321
85.3179
85.3269
85.4916
85.5137
85.587
85.6427
85.8345
85.9392
86.1129
86.2469
86.3146
86.318
86.3754
86.6068
86.6483
86.8832
86.9038
86.9482
87.0434
87.1682
87.4766
87.4855
87.6111
87.6955
87.9589
88.3296
89.0124
89.1857
89.6619
89.7538
89.7942
90.0438
90.8225
90.964
91.0339
91.0374
91.4984
92.3001
93.3086
93.5634
93.6228
94.7508
94.7519
94.8943
96.0888
96.1523
97.5909
98.1584
100.582
