71.4592
71.6271
71.6672
71.9241
71.9387
72.1774
72.1942
72.2431
72.2507
72.4569
72.594
72.6359
72.6576
72.6714
72.6769
72.6855
72.7027
72.7739
72.8332
72.8605
72.8908
72.9006
72.9022
72.905
72.9371
72.9951
73.0016
73.0138
73.0669
73.0743
73.0833
73.1283
73.1344
73.1488
73.1856
73.1904
73.1913
73.2232
73.2308
73.2549
73.2607
73.3278
73.3618
73.3667
73.3728
73.3743
73.375
73.3784
73.4429
73.4579
73.4946
73.4957
73.5278
73.5585
73.6339
73.6387
73.6671
73.672
73.69
73.693
73.7035
73.7145
73.7346
73.7751
73.7832
73.846
73.9066
73.9148
73.9149
73.9207
73.9354
73.938
73.9752
74.0028
74.0282
74.0287
74.0555
74.0604
74.0892
74.1018
74.1049
74.1169
74.1554
74.163
74.1809
74.1928
74.1951
74.2053
74.2172
74.2357
74.2365
74.2647
74.315
74.3251
74.3252
74.343
74.35
74.353
74.3609
74.3752
74.3772
74.3812
74.384
74.3921
74.3982
74.4012
74.4288
74.4354
74.4522
74.461
74.4738
74.5086
74.5656
74.567
74.5757
74.5806
74.5849
74.6138
74.6271
74.6361
74.6741
74.6764
74.702
74.7287
74.7311
74.7493
74.755
74.7623
74.7661
74.7904
74.7928
74.8152
74.8201
74.824
74.8269
74.8363
74.8543
74.8786
74.8795
74.8944
74.9249
74.9406
74.9417
74.9619
74.9788
74.9839
74.988
75.0048
75.0104
75.0316
75.0426
75.1059
75.1107
75.1145
75.1401
75.1418
75.156
75.1635
75.1836
75.195
75.2206
75.2549
75.2715
75.2768
75.3044
75.3107
75.3161
75.3461
75.3556
75.3841
75.4453
75.4571
75.4712
75.483
75.4938
75.494
75.4958
75.4972
75.5202
75.5252
75.5256
75.5476
75.5487
75.5564
75.5589
75.5728
75.5805
75.5818
75.5835
75.5921
75.5937
75.5958
75.6048
75.6407
75.7119
75.7173
75.7191
75.7322
75.742
75.7514
75.7879
75.7905
75.8261
75.8266
75.8367
75.8416
75.8646
75.874
75.879
75.8856
75.8898
75.8926
75.893
75.8936
75.9051
75.9256
75.9327
75.9336
75.9547
75.9588
75.9604
75.9883
76.0181
76.0264
76.0645
76.119
76.1372
76.1398
76.1516
76.1598
76.178
76.1875
76.2149
76.2206
76.2232
76.2417
76.2498
76.2616
76.2693
76.2922
76.3176
76.3418
76.3423
76.368
76.3899
76.392
76.4166
76.4323
76.4818
76.5022
76.5336
76.5842
76.6286
76.7313
76.7415
76.7661
76.7713
76.8027
76.8111
76.8243
76.8257
76.8331
76.8491
76.8872
76.8886
76.9137
76.9565
76.9847
76.9909
77.0019
77.031
77.0332
77.0573
77.115
77.1505
77.1532
77.1545
77.2558
77.3186
77.3502
77.3926
77.4068
77.4112
77.4129
77.4144
77.4388
77.4398
77.4469
77.4764
77.4886
77.495
77.5333
77.5452
77.5538
77.5573
77.6159
77.6235
77.6278
77.697
77.6983
77.739
77.9169
77.9472
77.9942
78.0415
78.107
78.1301
78.1345
78.1383
78.1475
78.1876
78.1987
78.2523
78.2759
78.2956
78.406
78.4092
78.4244
78.4749
78.4751
78.5474
78.6313
78.6533
78.6573
78.6594
78.663
78.6717
78.7241
78.7616
78.8289
78.8435
78.8522
78.8665
78.8668
78.8725
79.0368
79.1372
79.145
79.2487
79.3588
79.461
79.4725
79.5298
79.5348
79.5501
79.5951
79.6009
79.6085
79.6195
79.6766
79.7619
79.8271
79.8381
79.9053
80.0014
80.0738
80.1771
80.2008
80.2302
80.255
80.2682
80.3119
80.3328
80.4307
80.4883
80.4958
80.5555
80.6617
80.6648
80.826
80.9535
81.2011
81.2154
81.2488
81.4271
81.564
81.5829
81.7138
81.7511
81.7644
81.793
81.8519
82.0057
82.0907
82.1419
82.195
82.6697
82.7691
82.7844
82.9513
83.3991
84.1638
84.1812
84.1926
84.2894
84.2906
84.3611
84.3832
84.4483
84.4513
84.6582
84.6685
85.0179
85.3214
85.4231
86.2596
86.8021
86.8738
86.994
87.3336
87.4373
87.5776
87.8233
88.4829
88.7963
88.9797
88.9951
89.9611
90.0572
91.3169
91.5303
91.72
92.2632
92.3973
92.569
93.0118
93.1102
94.2056
95.4629
96.8079
97.5575
99.1496
100.561
