71.7017
71.7685
72.0641
72.135
72.1798
72.206
72.2734
72.3634
72.3819
72.4487
72.4613
72.4628
72.5113
72.6081
72.6361
72.6377
72.6866
72.7377
72.7783
72.7804
72.792
72.8185
72.8211
72.8456
72.8637
72.9029
72.9581
73.0516
73.1146
73.1329
73.1346
73.151
73.1608
73.2101
73.3205
73.3224
73.3437
73.3471
73.3497
73.3556
73.3569
73.3608
73.3996
73.4288
73.4387
73.4394
73.4729
73.5166
73.5183
73.5499
73.5658
73.5708
73.5772
73.6021
73.6302
73.6423
73.6596
73.7069
73.7206
73.7334
73.7627
73.7798
73.7821
73.7858
73.8047
73.8204
73.8204
73.8347
73.8512
73.8629
73.9281
73.9525
73.9537
73.9658
73.9681
73.9845
73.9884
73.9915
73.9995
74.0193
74.0347
74.037
74.0411
74.0488
74.0575
74.0628
74.0631
74.0662
74.0685
74.0893
74.1038
74.125
74.1276
74.1342
74.1607
74.1734
74.1737
74.1839
74.229
74.2424
74.2578
74.262
74.2708
74.2891
74.2912
74.3063
74.3146
74.3237
74.3356
74.3369
74.3404
74.3453
74.36
74.3714
74.3926
74.394
74.3988
74.4017
74.4093
74.4157
74.4162
74.4535
74.4756
74.4807
74.4839
74.4847
74.4887
74.4903
74.4956
74.5026
74.5245
74.5323
74.5335
74.5346
74.5392
74.5523
74.5661
74.5885
74.5903
74.5922
74.6224
74.6312
74.6421
74.6503
74.6554
74.6615
74.696
74.7054
74.7103
74.7128
74.7321
74.7334
74.7342
74.7382
74.764
74.7749
74.7784
74.7876
74.7987
74.8082
74.82
74.8436
74.8488
74.8499
74.8545
74.8578
74.879
74.8799
74.9419
74.981
74.9863
75.0147
75.0222
75.0253
75.0368
75.0424
75.0485
75.0636
75.0735
75.0981
75.1006
75.1092
75.1213
75.1279
75.1287
75.1361
75.1367
75.1408
75.1459
75.1667
75.1848
75.1868
75.1894
75.2009
75.2029
75.2139
75.2357
75.2464
75.248
75.2512
75.2599
75.2794
75.2961
75.3021
75.3129
75.3133
75.3256
75.3281
75.33
75.3654
75.3762
75.3766
75.3795
75.3828
75.3847
75.3872
75.3925
75.4151
75.4243
75.4416
75.4425
75.4514
75.4797
75.4802
75.5471
75.5733
75.5785
75.5803
75.5889
75.6052
75.6133
75.627
75.6367
75.6614
75.6741
75.6741
75.6836
75.6862
75.7025
75.7303
75.7356
75.7369
75.7489
75.7574
75.801
75.8255
75.8384
75.8422
75.8441
75.8453
75.8513
75.8787
75.8789
75.8981
75.8987
75.9039
75.9289
75.9319
75.9377
75.9512
75.9652
75.9675
75.9879
75.9889
75.9898
76
76.0134
76.0157
76.0256
76.0362
76.0417
76.0478
76.0539
76.0643
76.0707
76.0724
76.0788
76.0793
76.1021
76.1031
76.1114
76.1227
76.1335
76.1369
76.1558
76.1572
76.1673
76.1728
76.1754
76.1829
76.1867
76.1916
76.2136
76.2441
76.2441
76.2742
76.2751
76.2909
76.2926
76.3074
76.318
76.3226
76.3403
76.3649
76.3656
76.3668
76.3988
76.4157
76.4688
76.4832
76.4848
76.5002
76.5312
76.5594
76.5781
76.6849
76.6893
76.7075
76.711
76.7489
76.7539
76.7817
76.7997
76.8137
76.8167
76.8674
76.8867
76.9101
76.9132
76.9138
76.9281
76.9495
76.9517
76.9722
76.9896
77.0183
77.0249
77.0633
77.0909
77.1324
77.1561
77.1988
77.2034
77.2074
77.2337
77.2413
77.2758
77.28
77.285
77.3113
77.3162
77.3333
77.3482
77.3816
77.3963
77.4284
77.4323
77.4443
77.4485
77.4695
77.4827
77.4966
77.5066
77.5158
77.5848
77.5948
77.6094
77.6404
77.6707
77.7448
77.7904
77.791
77.8133
77.8177
77.8298
77.8372
77.8449
77.853
77.8982
77.9853
77.9981
78.0184
78.0251
78.0259
78.0386
78.0482
78.0707
78.0872
78.0928
78.0978
78.1128
78.1159
78.116
78.1225
78.1257
78.129
78.1596
78.1626
78.1635
78.1779
78.1807
78.184
78.1976
78.213
78.2147
78.261
78.3141
78.3198
78.3213
78.3908
78.391
78.4339
78.4346
78.4592
78.4647
78.5451
78.554
78.5562
78.5743
78.5876
78.6084
78.6509
78.6571
78.7153
78.7341
78.7701
78.7985
78.862
78.8702
78.8705
78.9116
78.9614
78.9839
78.9942
79.0027
79.0048
79.066
79.0739
79.1344
79.1517
79.1998
79.2204
79.2208
79.281
79.2825
79.3261
79.3835
79.3927
79.4105
79.4129
79.5266
79.5519
79.6328
79.6359
79.6388
79.6642
79.7031
79.71
79.7665
79.7807
79.7838
79.808
79.8215
79.8346
79.8527
79.9068
79.926
79.9487
79.9601
79.9932
80.0879
80.1061
80.1824
80.3086
80.3415
80.3747
80.3923
80.4151
80.4164
80.508
80.6193
80.6332
80.6643
80.7416
80.8397
80.8607
80.871
80.8786
80.9005
80.948
80.9547
80.9824
81.0131
81.1086
81.123
81.1812
81.2342
81.3105
81.4019
81.4034
81.5634
81.5996
81.8158
81.8543
81.9365
81.9516
82.0365
82.1197
82.146
82.2454
82.2622
82.354
82.374
82.6475
82.6713
82.8106
82.8114
82.8212
82.8272
82.8458
82.8703
82.9062
82.9634
82.9989
83.0977
83.1007
83.1627
83.358
83.3812
83.5369
83.6374
83.6947
83.8344
83.9341
84.1765
84.1993
84.2701
84.2866
84.3031
84.3694
84.5091
84.5114
84.9195
85.1315
85.2434
85.2994
85.3172
85.443
85.5347
85.6247
85.7573
85.7845
85.8169
85.8259
85.9069
86.1063
86.244
86.2726
86.3474
86.7225
86.8177
86.965
87.1973
87.6
87.6893
87.862
88.0776
88.3113
88.5985
88.6238
88.8029
89.0706
89.1454
89.5023
90.1403
90.5526
90.7008
90.8106
91.1225
91.6727
91.7462
91.8007
91.9513
92.4975
92.5324
92.6932
94.491
94.7412
95.1985
95.5534
96.2053
98.3116
98.547
98.5668
