71.532
72.8195
72.923
73.3589
73.4796
73.6984
73.8357
73.8653
73.9135
74.021
74.0996
74.2239
74.2798
74.4487
74.4978
74.5369
74.5921
74.6039
74.6833
74.7473
74.7709
74.8484
74.9041
74.9295
74.9298
74.9333
74.9431
75.0272
75.0382
75.0679
75.2846
75.2929
75.3175
75.3439
75.3441
75.3657
75.3661
75.3892
75.3979
75.4023
75.4578
75.4764
75.4826
75.5191
75.5513
75.5715
75.6789
75.6926
75.6979
75.7025
75.7206
75.7875
75.7895
75.7907
75.8013
75.817
75.8561
75.9137
75.9198
75.9229
75.9761
76.0605
76.0842
76.1281
76.1584
76.183
76.2084
76.2102
76.2163
76.2367
76.2409
76.2585
76.2707
76.3873
76.4069
76.4155
76.4363
76.4822
76.4857
76.5023
76.5757
76.6029
76.6143
76.6465
76.6564
76.6643
76.6779
76.7216
76.745
76.7533
76.7732
76.7962
76.8109
76.8159
76.8186
76.8212
76.825
76.8518
76.8595
76.9184
76.9707
76.9805
77.0078
77.0262
77.163
77.1716
77.2063
77.2299
77.2524
77.2613
77.2779
77.2962
77.3381
77.3866
77.3891
77.4081
77.4357
77.4689
77.4919
77.5005
77.5158
77.5539
77.6117
77.6128
77.6433
77.6644
77.708
77.7152
77.7555
77.7587
77.7921
77.8487
78.0456
78.1335
78.1498
78.159
78.2415
78.252
78.3312
78.3542
78.4299
78.4345
78.4564
78.4853
78.499
78.5212
78.5659
78.5701
78.5878
78.6252
78.6253
78.6613
78.6782
78.8622
78.8737
78.8794
78.8866
78.8904
78.906
78.925
78.9306
78.9597
78.9802
79.0167
79.0235
79.0937
79.0971
79.1897
79.2026
79.2124
79.2583
79.3581
79.4684
79.5621
79.5976
79.6259
79.6679
79.7464
79.7468
79.749
79.764
79.9991
80.0358
80.1008
80.1118
80.1256
80.1423
80.2266
80.35
80.3535
80.3861
80.4124
80.4189
80.6483
80.818
80.875
81.1618
81.2267
81.2399
81.2436
81.3923
81.4684
81.5608
81.635
81.7335
81.7636
81.773
82.0831
82.1618
82.1745
82.2134
82.2238
82.267
82.6255
82.6875
82.7137
82.7346
83.1714
83.1979
83.389
83.4316
83.4389
83.518
83.526
83.5733
83.7288
83.7424
83.7676
83.8184
83.9482
83.9709
84.2385
84.6943
84.9178
84.9439
85.0682
85.1456
85.301
85.4698
85.6256
85.7743
85.7964
85.9926
86.1172
86.2383
86.7898
86.9259
87.0917
87.0976
87.5096
87.8851
88.4953
88.692
89.5336
90.2437
90.6212
90.65
90.659
90.948
91.4652
93.1203
93.5108
93.9959
95.301
95.3149
96.2451
96.8431
97.1949
97.8702
97.9166
98.0016
98.4626
99.562
99.6873
100.144
100.691
100.73
178.926
183.066
183.845
184.252
187.519
