81.4346
81.5495
81.7626
81.8373
82.0781
82.291
82.3421
82.725
82.729
82.7361
82.7527
82.8466
82.8987
82.9137
83.0282
83.0706
83.1063
83.1779
83.3333
83.3352
83.3558
83.4225
83.4561
83.5131
83.5174
83.6438
83.6473
83.7256
83.7907
83.8133
83.8245
83.8335
83.8616
83.8665
83.8749
83.8965
84.0392
84.0859
84.1302
84.1327
84.2647
84.2739
84.2973
84.3619
84.3772
84.4884
84.4992
84.5106
84.5512
84.5742
84.5832
84.5997
84.6047
84.7214
84.7394
84.7402
84.8821
84.915
84.9442
84.9763
85.015
85.064
85.0796
85.0823
85.1439
85.1706
85.1863
85.2711
85.281
85.4347
85.4454
85.4566
85.4771
85.5319
85.5434
85.5655
85.7091
85.8523
85.8868
85.905
85.9128
86.0926
86.1331
86.1334
86.1887
86.1907
86.1931
86.2472
86.3078
86.3511
86.4377
86.4381
86.454
86.4741
86.4889
86.5282
86.5522
86.5614
86.5997
86.6017
86.6539
86.6992
86.7427
86.7971
86.8522
86.9436
87.0864
87.1318
87.2215
87.3439
87.3559
87.368
87.3879
87.4873
87.6407
87.6494
87.6812
87.6931
87.7822
87.8638
87.9317
87.9981
88.0178
88.0622
88.2024
88.2408
88.347
88.3733
88.5104
88.7164
88.7605
88.8132
88.8508
88.854
88.8564
89.0397
89.0524
89.2224
89.267
89.2871
89.526
89.546
89.8607
90.2397
90.787
91.4657
91.9523
92.0116
92.3625
92.649
93.7564
95.4641
95.9167
96.7271
98.8761
98.9933
101.507
103.32
104.093
106.176
106.181
109.524
