68.1168
68.1507
68.2213
68.364
68.373
68.4395
68.5208
68.6127
68.6403
68.6695
68.6842
68.689
68.7035
68.71
68.7633
68.8194
68.8214
68.8332
68.8477
68.9211
68.9415
68.95
68.9672
68.9834
69.004
69.0227
69.1727
69.2179
69.2412
69.2632
69.3293
69.3386
69.3918
69.3982
69.4145
69.4159
69.445
69.4577
69.4611
69.4613
69.4741
69.4874
69.4948
69.5138
69.547
69.5715
69.5759
69.5793
69.6029
69.6316
69.6339
69.6414
69.6417
69.6439
69.6575
69.6692
69.6822
69.6965
69.7086
69.7097
69.7131
69.7152
69.7282
69.7648
69.7673
69.781
69.7871
69.8009
69.8036
69.8103
69.8126
69.8127
69.8159
69.8176
69.8226
69.8237
69.8261
69.8267
69.872
69.8871
69.8968
69.9021
69.9131
69.9149
69.916
69.9234
69.9262
69.9263
69.943
69.9471
69.948
69.9485
69.9876
70.0049
70.0064
70.0065
70.0182
70.031
70.0335
70.034
70.0428
70.0444
70.0472
70.0496
70.0556
70.0584
70.0595
70.0621
70.0694
70.0737
70.0743
70.1187
70.119
70.1328
70.1338
70.136
70.1369
70.1376
70.1464
70.1499
70.1531
70.1542
70.1559
70.1666
70.1775
70.1801
70.1822
70.1965
70.2031
70.2144
70.2167
70.226
70.2272
70.229
70.2385
70.2477
70.2525
70.2618
70.2713
70.2726
70.2762
70.2776
70.2776
70.2906
70.292
70.3038
70.3179
70.3199
70.3216
70.3366
70.3508
70.3656
70.3727
70.3753
70.377
70.3811
70.3823
70.384
70.3843
70.4059
70.4142
70.4183
70.4257
70.4304
70.4445
70.4481
70.4568
70.4642
70.4672
70.4721
70.4735
70.4749
70.4869
70.4987
70.5004
70.5094
70.5095
70.5129
70.5129
70.5396
70.5407
70.546
70.5641
70.5641
70.5702
70.5764
70.5782
70.5831
70.5936
70.5937
70.6006
70.6023
70.6029
70.6086
70.6095
70.6267
70.627
70.6336
70.6433
70.647
70.6508
70.6538
70.6554
70.6592
70.6649
70.6683
70.6751
70.6866
70.6977
70.7021
70.7043
70.7226
70.7229
70.728
70.7287
70.7354
70.7392
70.743
70.7504
70.7505
70.7561
70.763
70.7635
70.7667
70.7815
70.7853
70.7863
70.7863
70.7905
70.7938
70.7949
70.8006
70.801
70.8099
70.8151
70.8319
70.832
70.8328
70.8345
70.8697
70.8756
70.8795
70.8888
70.8967
70.9144
70.9255
70.9283
70.9297
70.934
70.9414
70.9476
70.9518
70.9727
70.9737
70.9746
70.9797
70.983
70.9849
70.9856
70.99
70.9954
71.0175
71.0183
71.026
71.0279
71.0342
71.0373
71.0442
71.0489
71.0494
71.0519
71.0534
71.0563
71.0656
71.0882
71.0903
71.0967
71.1024
71.1075
71.1087
71.1177
71.1265
71.128
71.1293
71.1339
71.1339
71.1349
71.1396
71.1425
71.1436
71.1475
71.1555
71.1614
71.1628
71.1665
71.1794
71.1817
71.1824
71.1862
71.1975
71.202
71.2036
71.2121
71.2205
71.2267
71.2376
71.2384
71.2394
71.2396
71.2469
71.248
71.2527
71.2581
71.2591
71.2645
71.2702
71.2733
71.2887
71.2917
71.2944
71.2945
71.2963
71.2978
71.3034
71.3034
71.3091
71.3177
71.3281
71.332
71.3468
71.3519
71.3655
71.3758
71.3833
71.3877
71.3889
71.3904
71.3916
71.3936
71.3995
71.4052
71.4142
71.4167
71.4204
71.4225
71.4433
71.4445
71.4534
71.4556
71.4598
71.4615
71.471
71.4798
71.4832
71.4853
71.4855
71.487
71.4881
71.4931
71.4964
71.4996
71.5054
71.5071
71.5187
71.5255
71.5303
71.5312
71.5343
71.5412
71.5454
71.546
71.5464
71.5465
71.5486
71.5489
71.5611
71.5653
71.5668
71.5728
71.58
71.5864
71.5885
71.5912
71.5923
71.5991
71.6018
71.6068
71.6085
71.6116
71.6354
71.6383
71.6411
71.6434
71.6462
71.6513
71.6534
71.6622
71.6804
71.6811
71.6835
71.689
71.7007
71.702
71.7083
71.7095
71.7102
71.721
71.7314
71.7323
71.7436
71.7617
71.7629
71.7633
71.7699
71.7722
71.7728
71.7891
71.7895
71.8114
71.8122
71.8178
71.8191
71.8274
71.829
71.8371
71.8426
71.8453
71.8529
71.8557
71.859
71.8669
71.8698
71.871
71.8757
71.8782
71.8846
71.8913
71.8931
71.8965
71.8965
71.9002
71.9008
71.9061
71.9151
71.9223
71.9242
71.9267
71.9296
71.9334
71.935
71.9398
71.9449
71.951
71.9526
71.9564
71.9574
71.9575
71.9621
71.9678
71.9758
71.9814
71.9826
71.9894
71.991
71.9912
71.9945
72.0028
72.004
72.0087
72.0104
72.0122
72.0191
72.021
72.0253
72.033
72.0421
72.0616
72.0827
72.0855
72.0903
72.0912
72.0979
72.1036
72.1044
72.1079
72.1182
72.1242
72.133
72.1389
72.1442
72.1456
72.1529
72.1592
72.1623
72.1634
72.1666
72.176
72.1782
72.1786
72.1844
72.1901
72.1933
72.2087
72.2147
72.2183
72.2306
72.2497
72.2578
72.2607
72.2715
72.2793
72.286
72.2872
72.2994
72.3003
72.3031
72.3081
72.3242
72.3281
72.3325
72.3355
72.3429
72.3448
72.3498
72.3521
72.3543
72.356
72.3588
72.3601
72.3643
72.3648
72.3664
72.374
72.3753
72.3871
72.3946
72.4022
72.4029
72.4114
72.4124
72.4157
72.4196
72.4274
72.4316
72.4346
72.438
72.4418
72.4504
72.4514
72.455
72.4694
72.4976
72.5028
72.506
72.5099
72.5253
72.5266
72.53
72.5371
72.5458
72.546
72.5477
72.5525
72.5574
72.564
72.5716
72.579
72.5854
72.5878
72.5892
72.6044
72.6045
72.6089
72.6225
72.6245
72.6358
72.6459
72.656
72.6587
72.6799
72.6813
72.6936
72.7034
72.7098
72.7204
72.7212
72.7302
72.7306
72.7417
72.7594
72.7663
72.7766
72.8013
72.8037
72.812
72.8172
72.8256
72.8404
72.8412
72.8534
72.8549
72.8647
72.8653
72.8698
72.8813
72.8821
72.8837
72.9026
72.9043
72.9149
72.9289
72.9357
72.9383
72.946
72.9467
72.9485
72.9564
72.9637
72.9685
72.9812
72.9866
72.9971
73.0123
73.0143
73.0163
73.0273
73.0308
73.052
73.0789
73.0963
73.1056
73.1128
73.1153
73.1329
73.1565
73.1641
73.168
73.1727
73.1762
73.1785
73.1833
73.1886
73.1961
73.2026
73.2037
73.2187
73.2244
73.2277
73.2325
73.2355
73.2406
73.2414
73.2431
73.2434
73.2437
73.2485
73.2503
73.2571
73.2743
73.2984
73.3023
73.3142
73.3184
73.3204
73.3241
73.3259
73.3335
73.3411
73.3643
73.3793
73.4106
73.4205
73.4223
73.4281
73.442
73.4433
73.4449
73.4451
73.4817
73.4902
73.4904
73.4922
73.5062
73.514
73.5217
73.5236
73.5265
73.5367
73.5372
73.5499
73.5524
73.5554
73.5627
73.5675
73.5776
73.5829
73.5859
73.5934
73.5944
73.5949
73.6011
73.6196
73.6199
73.6309
73.6328
73.6454
73.648
73.6553
73.6657
73.6715
73.6909
73.7027
73.7031
73.7114
73.7143
73.7148
73.715
73.7359
73.7418
73.7477
73.7494
73.7627
73.7659
73.768
73.7731
73.7858
73.7939
73.8101
73.8166
73.8183
73.8491
73.8614
73.8689
73.8771
73.8948
73.897
73.9003
73.9286
73.9305
73.9389
73.9391
73.9552
73.971
73.9767
74.0092
74.0361
74.0365
74.0373
74.045
74.0523
74.0775
74.0833
74.095
74.1182
74.1481
74.1732
74.1778
74.1934
74.1952
74.2286
74.2319
74.2397
74.2468
74.2575
74.259
74.2603
74.2679
74.2789
74.2921
74.2969
74.301
74.3035
74.3156
74.35
74.383
74.3914
74.4244
74.4282
74.441
74.4413
74.4559
74.4917
74.4981
74.5219
74.5222
74.5249
74.5264
74.5907
74.5952
74.6154
74.6353
74.6539
74.6669
74.6787
74.6791
74.6812
74.6861
74.7047
74.707
74.7325
74.7394
74.7431
74.7485
74.771
74.7739
74.7758
74.7873
74.8058
74.8391
74.8527
74.8551
74.8848
74.905
74.9133
74.9337
74.961
74.9899
75.011
75.0428
75.0432
75.0454
75.046
75.057
75.0619
75.0663
75.0778
75.1128
75.1134
75.1138
75.1347
75.1349
75.1365
75.1389
75.1656
75.1656
75.1665
75.1818
75.1948
75.2037
75.2058
75.2185
75.2354
75.2628
75.271
75.2811
75.2919
75.2968
75.2978
75.2986
75.3162
75.3466
75.3549
75.3673
75.3812
75.3862
75.4068
75.4185
75.4196
75.4225
75.4339
75.4376
75.4895
75.494
75.5164
75.5289
75.5319
75.5462
75.5544
75.5674
75.5849
75.599
75.6146
75.615
75.6375
75.6389
75.6565
75.6746
75.676
75.6875
75.7239
75.7448
75.7596
75.7739
75.7755
75.7938
75.8121
75.8136
75.8294
75.8405
75.8453
75.8519
75.897
75.9053
75.9262
75.936
75.9368
75.967
75.9673
75.9834
75.9851
75.9954
76.032
76.0355
76.0517
76.0931
76.1167
76.1318
76.1367
76.1437
76.1447
76.1449
76.1633
76.1718
76.1832
76.1907
76.2037
76.2055
76.2224
76.2315
76.3075
76.3247
76.3457
76.3493
76.3721
76.3967
76.41
76.4467
76.4525
76.4856
76.4865
76.5008
76.536
76.5585
76.5846
76.5938
76.6027
76.6382
76.6406
76.653
76.6591
76.6835
76.7119
76.7264
76.7328
76.7444
76.7493
76.7698
76.7715
76.7916
76.812
76.8385
76.8551
76.8796
76.8876
76.9602
76.9974
77.0036
77.0201
77.0375
77.0782
77.1279
77.1419
77.1453
77.1461
77.2242
77.2385
77.2625
77.271
77.2816
77.2876
77.3128
77.3139
77.3258
77.3435
77.3855
77.3936
77.3997
77.4197
77.4352
77.439
77.4649
77.525
77.5332
77.5433
77.5448
77.5903
77.6006
77.6123
77.6152
77.6311
77.6411
77.6438
77.6652
77.7535
77.7984
77.8744
77.9025
77.931
77.9539
77.9619
77.9786
78.0608
78.0772
78.0982
78.1153
78.2037
78.3024
78.314
78.3196
78.3815
78.4104
78.4401
78.4504
78.4757
78.4776
78.4963
78.5965
78.6131
78.6146
78.6821
78.7324
78.7395
78.7586
78.8206
78.8953
78.9341
78.9564
78.9581
79.0176
79.0244
79.0557
79.1024
79.1207
79.1231
79.1315
79.1837
79.2382
79.2537
79.2727
79.3
79.3808
79.3898
79.4839
79.4868
79.5048
79.5555
79.5978
79.5979
79.6969
79.7541
79.8725
79.9159
79.9539
79.98
80.0243
80.0866
80.1049
80.1337
80.2203
80.261
80.3044
80.4258
80.5401
80.5482
80.828
80.8329
80.8332
80.8477
80.8767
80.9015
80.9555
81.0724
81.1545
81.1808
81.1887
81.1979
81.2294
81.2381
81.2631
81.2653
81.3028
81.3397
81.3731
81.4132
81.5504
81.6158
81.6713
81.7239
81.728
81.7699
81.9017
82.183
82.3167
82.3327
82.4136
82.5123
82.5527
82.5793
82.5811
82.6134
82.7138
82.8413
82.8426
82.9257
82.9741
83.1014
83.2175
83.2341
83.378
83.4232
83.4333
83.4431
83.6473
83.6582
83.7449
84.0436
84.2631
84.4536
84.5861
84.5883
84.8287
84.9532
85.3349
85.473
85.5573
85.6312
85.6676
85.9972
86.0436
86.2888
86.3297
86.5358
86.687
86.9285
87.3671
87.8441
87.963
88.0133
88.1261
88.4854
88.4976
88.5272
88.7275
88.8076
89.6486
89.8104
90.0148
90.5159
91.2696
91.493
91.6676
91.876
91.9479
92.1536
92.3005
92.3262
94.9141
95.0282
95.0347
95.0871
95.2625
96.1278
96.5591
96.724
