67.4606
68.1091
68.2228
68.3737
68.491
68.5646
68.5871
68.7597
68.8184
68.8376
68.8385
68.9734
69.019
69.0477
69.1035
69.1247
69.1621
69.1904
69.2154
69.2364
69.2408
69.3999
69.4273
69.5139
69.6885
69.7531
69.7653
69.843
69.8879
69.9238
69.924
70.0172
70.0405
70.0779
70.089
70.0981
70.1135
70.1265
70.1539
70.2065
70.2228
70.2234
70.237
70.2847
70.2898
70.4074
70.4317
70.4613
70.4972
70.5161
70.5376
70.5505
70.5687
70.6038
70.6192
70.6502
70.6533
70.6548
70.6783
70.6876
70.7207
70.735
70.7481
70.776
70.7789
70.8019
70.8056
70.8092
70.8217
70.8561
70.8606
70.8872
70.9375
70.9435
70.9684
71.0411
71.0433
71.0653
71.1746
71.1786
71.1863
71.2289
71.2363
71.3505
71.357
71.372
71.415
71.429
71.4308
71.4499
71.4667
71.4704
71.4904
71.5087
71.5181
71.5296
71.5565
71.5579
71.5759
71.6042
71.6129
71.6549
71.6782
71.6876
71.6921
71.7089
71.7249
71.7499
71.8559
71.8795
71.8803
71.8817
71.894
71.9345
71.9709
71.9744
72.0929
72.0938
72.1218
72.1525
72.164
72.1883
72.2391
72.2778
72.2863
72.3079
72.3807
72.4178
72.4294
72.438
72.4892
72.4967
72.4982
72.5017
72.5049
72.509
72.5266
72.5754
72.6783
72.7938
72.8499
72.8513
72.9525
72.9816
73.0756
73.1156
73.1414
73.1754
73.1798
73.1975
73.265
73.2661
73.2819
73.4056
73.4321
73.4851
73.5123
73.5159
73.5673
73.584
73.6619
73.6715
73.6917
73.8981
73.9276
73.9485
74.0404
74.0931
74.1276
74.2134
74.216
74.2548
74.2662
74.2698
74.3093
74.3238
74.4127
74.4188
74.4868
74.5081
74.6403
74.6852
74.7005
74.7156
74.7211
74.833
74.8997
74.9234
74.9334
75.0521
75.0848
75.0849
75.2772
75.5291
75.7096
75.7591
75.7927
75.7995
75.8531
75.8731
75.9814
76.2521
76.2977
76.3115
76.3962
76.4429
76.4489
76.6593
76.6855
76.7463
76.7819
76.8322
76.923
76.9654
77.035
77.0907
77.2565
77.3518
77.3994
77.4971
77.5377
77.5876
77.9772
78.0636
78.1129
78.451
78.5057
78.9061
79.1467
79.9832
80.7275
80.8555
80.9616
81.3326
81.401
82.8053
83.1635
83.549
84.5992
85.2555
86.4402
87.507
87.6395
87.8178
88.0014
88.1329
89.1331
89.1659
89.6152
89.9283
90.0852
90.1667
90.3185
90.3865
90.4567
91.1964
92.0083
92.0977
92.4871
93.2129
93.4398
93.8408
94.0185
94.12
94.3536
94.6884
94.8864
94.9066
96.2585
